#FIELD GLASS_ID RA DEC Z ZQ KZ_PHOT MAG
RXJC2248_CTR           6       342.18649      -44.508169     -99.0000     -99.0000      1.67800      99.0000
RXJC2248_CTR           9       342.18514      -44.508875     -99.0000     -99.0000      1.37700      26.1536
RXJC2248_CTR          66       342.19484      -44.511943     -99.0000     -99.0000      1.44900      26.0509
RXJC2248_CTR          70       342.19923      -44.513317      1.14850      3.00000      1.33000      21.5768
RXJC2248_CTR          74       342.17016      -44.512095     -99.0000     -99.0000      1.75900      26.7175
RXJC2248_CTR          92       342.19471      -44.512731     -99.0000     -99.0000      1.15200      24.5460
RXJC2248_CTR          93       342.19459      -44.512852      1.42650      3.50000      1.40000      23.8829
RXJC2248_CTR          98       342.19210      -44.512551     -99.0000     -99.0000      1.00700      27.6800
RXJC2248_CTR         108       342.16386      -44.514146     -1.00000      0.00000      1.40000      25.4260
RXJC2248_CTR         109       342.16364      -44.515499     -1.00000      0.00000      1.04700      22.8425
RXJC2248_CTR         111       342.16354      -44.514706      1.46500      2.50000      1.47300      21.0476
RXJC2248_CTR         112       342.16338      -44.514759     -1.00000      0.00000      1.54800      22.8764
RXJC2248_CTR         120       342.16528      -44.513047     -99.0000     -99.0000      1.75900      26.9223
RXJC2248_CTR         122       342.19707      -44.513323      1.43750      2.50000      1.44900      23.3077
RXJC2248_CTR         135       342.19393      -44.513847      1.04000      3.00000     0.534000      25.0434
RXJC2248_CTR         148       342.16934      -44.514203     -99.0000     -99.0000      1.52300      26.8974
RXJC2248_CTR         161       342.19490      -44.514597     -99.0000     -99.0000      1.37700      26.7803
RXJC2248_CTR         166       342.16821      -44.514764     -99.0000     -99.0000      1.42400      26.4793
RXJC2248_CTR         174       342.16545      -44.515031     -99.0000     -99.0000      1.40000      27.5536
RXJC2248_CTR         177       342.17071      -44.515336      1.11000      2.50000     0.460000      23.9693
RXJC2248_CTR         194       342.16813      -44.515564     -99.0000     -99.0000      1.35300      27.0838
RXJC2248_CTR         195       342.16903      -44.515631      1.70500      2.00000     0.519000      26.5847
RXJC2248_CTR         205       342.17589      -44.515902      1.32000      1.00000     0.403000      22.5715
RXJC2248_CTR         206       342.17591      -44.516503      1.42500      4.00000      1.40000      22.2760
RXJC2248_CTR         210       342.16215      -44.516252     -1.00000      0.00000      1.52300      22.5607
RXJC2248_CTR         224       342.17210      -44.516175      1.63750      3.50000    0.0300000      25.3172
RXJC2248_CTR         233       342.17714      -44.516332     -99.0000     -99.0000      1.75900      26.7679
RXJC2248_CTR         236       342.19138      -44.516436     -99.0000     -99.0000      1.54800      27.1202
RXJC2248_CTR         241       342.19851      -44.516831      1.24000      2.50000    0.0940000      22.9822
RXJC2248_CTR         242       342.17707      -44.516690      1.64750      2.00000    0.0620000      23.7870
RXJC2248_CTR         248       342.18359      -44.516459      1.24400      2.00000      1.17300      22.4475
RXJC2248_CTR         292       342.19730      -44.517120     -99.0000     -99.0000      1.35300      28.2726
RXJC2248_CTR         294       342.15968      -44.517917     -99.0000     -99.0000      1.17300      26.4140
RXJC2248_CTR         295       342.16341      -44.517826     -99.0000     -99.0000      1.75900      28.1127
RXJC2248_CTR         301       342.16816      -44.518024     -99.0000     -99.0000      1.06800      26.6425
RXJC2248_CTR         318       342.17173      -44.518735      1.63000      2.00000    0.0300000      23.6213
RXJC2248_CTR         319       342.16652      -44.518451     -99.0000     -99.0000      1.62500      27.3674
RXJC2248_CTR         323       342.19075      -44.518569     -99.0000     -99.0000      1.75900      27.5170
RXJC2248_CTR         332       342.16704      -44.518778      1.43250      3.50000    0.0830000      25.3134
RXJC2248_CTR         333       342.16721      -44.518860      1.43400      3.50000      1.98800      25.6235
RXJC2248_CTR         334       342.15904      -44.518980      1.13000      1.50000     0.799000      23.5844
RXJC2248_CTR         347       342.18309      -44.519113     -99.0000     -99.0000      1.26100      26.8722
RXJC2248_CTR         367       342.16662      -44.519501     -99.0000     -99.0000      1.35300      26.2408
RXJC2248_CTR         374       342.19975      -44.520538     -99.0000     -99.0000      1.78700      27.2250
RXJC2248_CTR         376       342.19918      -44.519958     -99.0000     -99.0000      1.75900      25.9007
RXJC2248_CTR         384       342.15817      -44.520069      1.48800      2.00000    0.0100000      22.5874
RXJC2248_CTR         387       342.17943      -44.520018      1.01500      1.50000     0.375000      23.0029
RXJC2248_CTR         391       342.16951      -44.519851     -99.0000     -99.0000      1.44900      27.0853
RXJC2248_CTR         408       342.17646      -44.520057     -99.0000     -99.0000      1.44900      26.8695
RXJC2248_CTR         417       342.18551      -44.520194     -99.0000     -99.0000      1.30700      25.7435
RXJC2248_CTR         428       342.18646      -44.521187      1.22750      4.00000      1.33000      22.9952
RXJC2248_CTR         437       342.17445      -44.520613     -99.0000     -99.0000      1.57400      28.4198
RXJC2248_CTR         446       342.16726      -44.520710     -99.0000     -99.0000      1.75900      27.6883
RXJC2248_CTR         455       342.16827      -44.520954     -99.0000     -99.0000      1.19500      27.1320
RXJC2248_CTR         457       342.17179      -44.521088     -99.0000     -99.0000      1.62500      26.2137
RXJC2248_CTR         460       342.15478      -44.521051     -99.0000     -99.0000      1.17300      27.0206
RXJC2248_CTR         469       342.17975      -44.521572      1.02000      2.00000      1.33000      24.1715
RXJC2248_CTR         472       342.17660      -44.521238     -99.0000     -99.0000      1.17300      28.2203
RXJC2248_CTR         482       342.19351      -44.521876      1.42000      2.00000    0.0100000      26.1170
RXJC2248_CTR         499       342.17956      -44.521286     -99.0000     -99.0000      1.28400      24.8996
RXJC2248_CTR         502       342.16158      -44.521902     -99.0000     -99.0000      1.17300      28.0221
RXJC2248_CTR         503       342.20213      -44.522362     -99.0000     -99.0000      1.44900      26.2011
RXJC2248_CTR         513       342.19665      -44.522599      1.03000      2.00000     0.282000      22.3246
RXJC2248_CTR         516       342.16080      -44.522216     -99.0000     -99.0000      1.62500      27.4799
RXJC2248_CTR         534       342.20321      -44.522474     -99.0000     -99.0000      1.37700      27.4844
RXJC2248_CTR         538       342.17891      -44.524715      1.68400      2.00000     0.308000      21.5225
RXJC2248_CTR         540       342.17890      -44.523603      1.43700      1.50000      1.35300      23.2459
RXJC2248_CTR         542       342.16167      -44.522863      1.41950      2.00000      1.40000      23.6623
RXJC2248_CTR         559       342.19055      -44.522974     -99.0000     -99.0000      1.47300      27.4836
RXJC2248_CTR         566       342.17568      -44.523166     -99.0000     -99.0000      1.42400      26.4743
RXJC2248_CTR         579       342.18103      -44.523313     -99.0000     -99.0000      1.37700      26.7802
RXJC2248_CTR         589       342.20428      -44.523633     -99.0000     -99.0000      1.44900      25.6776
RXJC2248_CTR         590       342.15202      -44.523428     -99.0000     -99.0000      1.47300      99.0000
RXJC2248_CTR         629       342.16263      -44.524148     -99.0000     -99.0000      1.37700      25.9512
RXJC2248_CTR         633       342.16963      -44.524131     -99.0000     -99.0000      1.75900      26.8149
RXJC2248_CTR         639       342.15821      -44.524253     -99.0000     -99.0000      1.37700      25.9183
RXJC2248_CTR         643       342.16435      -44.524402     -99.0000     -99.0000      1.23900      24.7472
RXJC2248_CTR         646       342.15866      -44.524619      1.37000      2.00000     0.612000      23.4249
RXJC2248_CTR         662       342.18776      -44.527445      1.40000      3.50000      1.37700      23.2054
RXJC2248_CTR         675       342.17726      -44.525011      1.30250      1.50000     0.403000      23.2105
RXJC2248_CTR         688       342.17178      -44.524853     -99.0000     -99.0000      1.37700      27.4652
RXJC2248_CTR         692       342.19560      -44.528424      1.22500      4.00000      1.19500      23.0995
RXJC2248_CTR         693       342.19585      -44.528882      1.22500      4.00000      1.28400      23.3906
RXJC2248_CTR         729       342.19349      -44.526018      1.44750      1.50000     0.711000      23.4177
RXJC2248_CTR         749       342.20650      -44.526296      1.49000      1.00000     -99.0000      26.8189
RXJC2248_CTR         750       342.20653      -44.526469      1.51000      1.00000      1.59900      25.2087
RXJC2248_CTR         751       342.20655      -44.526640     -99.0000     -99.0000      1.70500      26.3442
RXJC2248_CTR         754       342.15841      -44.526609      1.42000      2.00000      1.40000      23.2191
RXJC2248_CTR         755       342.15942      -44.526441     -99.0000     -99.0000      1.37700      26.1410
RXJC2248_CTR         756       342.17235      -44.526366     -99.0000     -99.0000      1.78700      27.7364
RXJC2248_CTR         757       342.15624      -44.526451     -99.0000     -99.0000      1.17300      26.4289
RXJC2248_CTR         783       342.15533      -44.526872     -99.0000     -99.0000      1.52300      25.9661
RXJC2248_CTR         791       342.18977      -44.527316      1.13250      2.50000      4.42800      26.8664
RXJC2248_CTR         795       342.17409      -44.527691     -99.0000     -99.0000      1.54800      25.4335
RXJC2248_CTR         796       342.17417      -44.528371      1.43250      3.00000      1.40000      22.4279
RXJC2248_CTR         800       342.19474      -44.527270      1.22500      3.00000     -99.0000      23.1778
RXJC2248_CTR         837       342.16336      -44.529718      1.59100      2.00000      1.57400      23.7547
RXJC2248_CTR         851       342.20238      -44.528146      1.11000      1.00000      3.58300      26.8863
RXJC2248_CTR         852       342.20255      -44.528209     -99.0000     -99.0000      1.17300      28.0341
RXJC2248_CTR         862       342.20332      -44.528455     -99.0000     -99.0000      1.75900      26.5483
RXJC2248_CTR         885       342.20134      -44.528134     -99.0000     -99.0000      1.44900      26.8949
RXJC2248_CTR         890       342.20817      -44.528976     -99.0000     -99.0000      1.75900      27.0138
RXJC2248_CTR         891       342.20849      -44.529242      1.02000      2.50000      1.67800      23.3745
RXJC2248_CTR         897       342.18710      -44.529101     -99.0000     -99.0000      1.67800      26.1289
RXJC2248_CTR         898       342.19210      -44.530801     -99.0000     -99.0000      1.26100      26.0623
RXJC2248_CTR         901       342.19256      -44.530702      1.26500      2.50000      1.21700      23.3859
RXJC2248_CTR         905       342.16621      -44.529186     -99.0000     -99.0000      1.15200      27.0924
RXJC2248_CTR         906       342.17562      -44.529149     -99.0000     -99.0000      1.17300      27.5521
RXJC2248_CTR         911       342.19330      -44.529409     -99.0000     -99.0000      1.37700      26.5668
RXJC2248_CTR         918       342.19247      -44.530468      1.26000      3.00000      1.26100      23.1994
RXJC2248_CTR         932       342.17188      -44.530695     -99.0000     -99.0000      1.67800      26.4668
RXJC2248_CTR         943       342.19525      -44.527900      1.24250      4.00000     -99.0000      23.5662
RXJC2248_CTR         946       342.19369      -44.530135     -99.0000     -99.0000      1.40000      26.2920
RXJC2248_CTR         952       342.17862      -44.530225     -99.0000     -99.0000      1.13000      28.4401
RXJC2248_CTR        1024       342.19565      -44.531704     -99.0000     -99.0000      1.54800      27.7410
RXJC2248_CTR        1051       342.20118      -44.532564      1.51400      1.50000     0.127000      23.3160
RXJC2248_CTR        1057       342.16368      -44.532487     -99.0000     -99.0000      1.19500      27.1765
RXJC2248_CTR        1068       342.15730      -44.527932     -99.0000     -99.0000      1.17300      27.8462
RXJC2248_CTR        1104       342.19862      -44.533359     -99.0000     -99.0000      1.08800      28.1089
RXJC2248_CTR        1116       342.20320      -44.533673     -99.0000     -99.0000      1.06800      27.4894
RXJC2248_CTR        1130       342.17581      -44.532530      1.44000      2.00000      1.23900      22.4906
RXJC2248_CTR        1132       342.20530      -44.534039      1.19000      2.50000      2.26800      25.8649
RXJC2248_CTR        1135       342.16464      -44.534310      1.16500      1.00000     0.127000      23.6048
RXJC2248_CTR        1163       342.20645      -44.534113     -99.0000     -99.0000      1.47300      27.8524
RXJC2248_CTR        1177       342.16124      -44.535029     -99.0000     -99.0000      1.54800      23.9930
RXJC2248_CTR        1184       342.18047      -44.534906     -99.0000     -99.0000      1.75900      30.0993
RXJC2248_CTR        1186       342.18077      -44.534937     -99.0000     -99.0000      1.52300      27.6536
RXJC2248_CTR        1189       342.17717      -44.534818     -99.0000     -99.0000      1.75900      26.3237
RXJC2248_CTR        1204       342.20873      -44.535478      1.09000      2.50000     0.661000      22.6865
RXJC2248_CTR        1221       342.20315      -44.535683     -99.0000     -99.0000      1.44900      27.4221
RXJC2248_CTR        1229       342.21087      -44.536086     -99.0000     -99.0000      1.47300      23.7080
RXJC2248_CTR        1230       342.21011      -44.536522      1.44600      4.00000      1.19500      20.4824
RXJC2248_CTR        1231       342.19330      -44.535902     -99.0000     -99.0000      1.75900      28.3078
RXJC2248_CTR        1234       342.17945      -44.535995     -99.0000     -99.0000      1.37700      27.1837
RXJC2248_CTR        1239       342.20655      -44.536078     -99.0000     -99.0000      1.59900      28.1142
RXJC2248_CTR        1241       342.19516      -44.536190     -99.0000     -99.0000      1.44900      27.1362
RXJC2248_CTR        1250       342.19295      -44.536578      1.43000      4.00000      1.28400      23.2734
RXJC2248_CTR        1264       342.17346      -44.536589     -99.0000     -99.0000      1.70500      26.2309
RXJC2248_CTR        1272       342.19169      -44.536688     -99.0000     -99.0000      1.17300      27.7284
RXJC2248_CTR        1282       342.17163      -44.537166     -99.0000     -99.0000      1.75900      25.8639
RXJC2248_CTR        1291       342.20704      -44.536880     -99.0000     -99.0000      1.47300      28.6685
RXJC2248_CTR        1293       342.17201      -44.537512     -99.0000     -99.0000      1.67800      27.0681
RXJC2248_CTR        1320       342.20262      -44.537547     -99.0000     -99.0000      1.47300      26.1736
RXJC2248_CTR        1329       342.19539      -44.537674     -99.0000     -99.0000      1.44900      27.6309
RXJC2248_CTR        1331       342.16272      -44.538706     -99.0000     -99.0000      1.21700      26.9410
RXJC2248_CTR        1342       342.18034      -44.538702      1.07000      2.00000     -99.0000      27.0577
RXJC2248_CTR        1363       342.21370      -44.538341     -99.0000     -99.0000      1.44900      25.9256
RXJC2248_CTR        1378       342.17564      -44.538546     -99.0000     -99.0000      1.17300      28.4222
RXJC2248_CTR        1404       342.20713      -44.539393      1.44750      4.00000      1.57400      23.7839
RXJC2248_CTR        1413       342.16874      -44.539198     -99.0000     -99.0000      1.37700      27.2275
RXJC2248_CTR        1426       342.20139      -44.540923      1.48900     0.500000     -99.0000      23.7494
RXJC2248_CTR        1441       342.19916      -44.539788     -99.0000     -99.0000      1.13000      25.6958
RXJC2248_CTR        1582       342.16260      -44.542952      1.41000      2.50000     -99.0000      23.8053
RXJC2248_CTR        1652       342.20510      -44.544419      1.63500      1.50000     -99.0000      23.6133
RXJC2248_CTR        1665       342.20649      -44.544526      1.01500      2.50000     -99.0000      24.2678
RXJC2248_CTR        1668       342.19662      -44.544488      1.18500      3.00000     -99.0000      25.5954
RXJC2248_CTR        1696       342.17558      -44.545617      1.27000      2.00000     -99.0000      23.5578
RXJC2248_CTR        1707       342.16638      -44.545831      1.44000      2.00000     -99.0000      23.4590
RXJC2248_CTR        1717       342.18941      -44.546057      1.28800      2.00000     -99.0000      22.6950
RXJC2248_CTR        1814       342.20582      -44.548390      1.27050      4.00000     -99.0000      23.3821
RXJC2248_CTR        1889       342.16517      -44.550678      1.14500      2.00000     -99.0000      23.2517
RXJC2248_CTR        1891       342.16575      -44.550326      1.15900      3.00000     -99.0000      22.7128
RXJC2248_CTR        1958       342.17845      -44.555082      1.26000      1.00000     -99.0000      23.1157
